AP=0.666666666667
R=0.666666666667
P=1.0
IoU=0.5
miss_rate=0.333333333333
error_rate=0.0
score=0.733333333333
